% Data Visualization
% 3-Dimensional Plot

X = [ 1 :3:20 ]
Y = [ 17 6 15 1 3 13 15 ]
Z = [ 7 16 10 1 20 9 5 ]



